   9.1000000e+01   0.0000000e+00   9.1000000e+01
   9.7313725e+01   0.0000000e+00   9.7313725e+01
   1.0362745e+02   0.0000000e+00   1.0362745e+02
   1.0994118e+02   0.0000000e+00   1.0994118e+02
   1.1625490e+02   0.0000000e+00   1.1625490e+02
   1.2256863e+02   0.0000000e+00   1.2256863e+02
   1.2888235e+02   0.0000000e+00   1.2888235e+02
   1.3519608e+02   0.0000000e+00   1.3519608e+02
   1.4150980e+02   0.0000000e+00   1.4150980e+02
   1.4782353e+02   0.0000000e+00   1.4782353e+02
   1.5413725e+02   0.0000000e+00   1.5413725e+02
   1.6045098e+02   0.0000000e+00   1.6045098e+02
   1.6676471e+02   0.0000000e+00   1.6676471e+02
   1.7307843e+02   0.0000000e+00   1.7307843e+02
   1.7939216e+02   0.0000000e+00   1.7939216e+02
   1.8570588e+02   0.0000000e+00   1.8570588e+02
   1.9201961e+02   0.0000000e+00   1.9201961e+02
   1.9833333e+02   0.0000000e+00   1.9833333e+02
   2.0464706e+02   0.0000000e+00   2.0464706e+02
   2.1096078e+02   0.0000000e+00   2.1096078e+02
   2.1727451e+02   0.0000000e+00   2.1727451e+02
   2.2358824e+02   0.0000000e+00   2.2358824e+02
   2.2990196e+02   0.0000000e+00   2.2990196e+02
   2.3621569e+02   0.0000000e+00   2.3621569e+02
   2.4252941e+02   0.0000000e+00   2.4252941e+02
   2.4884314e+02   0.0000000e+00   2.4884314e+02
   2.4870588e+02   0.0000000e+00   2.5200000e+02
   2.4211765e+02   0.0000000e+00   2.5200000e+02
   2.3552941e+02   0.0000000e+00   2.5200000e+02
   2.2894118e+02   0.0000000e+00   2.5200000e+02
   2.2235294e+02   0.0000000e+00   2.5200000e+02
   2.1576471e+02   0.0000000e+00   2.5200000e+02
   2.0917647e+02   0.0000000e+00   2.5200000e+02
   2.0258824e+02   0.0000000e+00   2.5200000e+02
   1.9600000e+02   0.0000000e+00   2.5200000e+02
   1.8941176e+02   0.0000000e+00   2.5200000e+02
   1.8282353e+02   0.0000000e+00   2.5200000e+02
   1.7623529e+02   0.0000000e+00   2.5200000e+02
   1.6964706e+02   0.0000000e+00   2.5200000e+02
   1.6305882e+02   0.0000000e+00   2.5200000e+02
   1.5647059e+02   0.0000000e+00   2.5200000e+02
   1.4988235e+02   0.0000000e+00   2.5200000e+02
   1.4329412e+02   0.0000000e+00   2.5200000e+02
   1.3670588e+02   0.0000000e+00   2.5200000e+02
   1.3011765e+02   0.0000000e+00   2.5200000e+02
   1.2352941e+02   0.0000000e+00   2.5200000e+02
   1.1694118e+02   0.0000000e+00   2.5200000e+02
   1.1035294e+02   0.0000000e+00   2.5200000e+02
   1.0376471e+02   0.0000000e+00   2.5200000e+02
   9.7176471e+01   0.0000000e+00   2.5200000e+02
   9.0588235e+01   0.0000000e+00   2.5200000e+02
   8.4000000e+01   0.0000000e+00   2.5200000e+02
   7.7411765e+01   0.0000000e+00   2.5200000e+02
   7.0823529e+01   0.0000000e+00   2.5200000e+02
   6.4235294e+01   0.0000000e+00   2.5200000e+02
   5.7647059e+01   0.0000000e+00   2.5200000e+02
   5.1058824e+01   0.0000000e+00   2.5200000e+02
   4.4470588e+01   0.0000000e+00   2.5200000e+02
   3.7882353e+01   0.0000000e+00   2.5200000e+02
   3.1294118e+01   0.0000000e+00   2.5200000e+02
   2.4705882e+01   0.0000000e+00   2.5200000e+02
   1.8117647e+01   0.0000000e+00   2.5200000e+02
   1.1529412e+01   0.0000000e+00   2.5200000e+02
   4.9411765e+00   0.0000000e+00   2.5200000e+02
   0.0000000e+00   1.6470588e+00   2.5200000e+02
   0.0000000e+00   8.2352941e+00   2.5200000e+02
   0.0000000e+00   1.4823529e+01   2.5200000e+02
   0.0000000e+00   2.1411765e+01   2.5200000e+02
   0.0000000e+00   2.8000000e+01   2.5200000e+02
   0.0000000e+00   3.4588235e+01   2.5200000e+02
   0.0000000e+00   4.1176471e+01   2.5200000e+02
   0.0000000e+00   4.7764706e+01   2.5200000e+02
   0.0000000e+00   5.4352941e+01   2.5200000e+02
   0.0000000e+00   6.0941176e+01   2.5200000e+02
   0.0000000e+00   6.7529412e+01   2.5200000e+02
   0.0000000e+00   7.4117647e+01   2.5200000e+02
   0.0000000e+00   8.0705882e+01   2.5200000e+02
   0.0000000e+00   8.7294118e+01   2.5200000e+02
   0.0000000e+00   9.3882353e+01   2.5200000e+02
   0.0000000e+00   1.0047059e+02   2.5200000e+02
   0.0000000e+00   1.0705882e+02   2.5200000e+02
   0.0000000e+00   1.1364706e+02   2.5200000e+02
   0.0000000e+00   1.2023529e+02   2.5200000e+02
   0.0000000e+00   1.2682353e+02   2.5200000e+02
   0.0000000e+00   1.3341176e+02   2.5200000e+02
   0.0000000e+00   1.4000000e+02   2.5200000e+02
   0.0000000e+00   1.4658824e+02   2.5200000e+02
   0.0000000e+00   1.5317647e+02   2.5200000e+02
   0.0000000e+00   1.5976471e+02   2.5200000e+02
   0.0000000e+00   1.6635294e+02   2.5200000e+02
   0.0000000e+00   1.7294118e+02   2.5200000e+02
   0.0000000e+00   1.7952941e+02   2.5200000e+02
   0.0000000e+00   1.8611765e+02   2.5200000e+02
   0.0000000e+00   1.9270588e+02   2.5200000e+02
   0.0000000e+00   1.9929412e+02   2.5200000e+02
   0.0000000e+00   2.0588235e+02   2.5200000e+02
   0.0000000e+00   2.1247059e+02   2.5200000e+02
   0.0000000e+00   2.1905882e+02   2.5200000e+02
   0.0000000e+00   2.2564706e+02   2.5200000e+02
   0.0000000e+00   2.3223529e+02   2.5200000e+02
   0.0000000e+00   2.3882353e+02   2.5200000e+02
   0.0000000e+00   2.4541176e+02   2.5200000e+02
   0.0000000e+00   2.5200000e+02   2.5200000e+02
   0.0000000e+00   2.5200000e+02   2.4541176e+02
   0.0000000e+00   2.5200000e+02   2.3882353e+02
   0.0000000e+00   2.5200000e+02   2.3223529e+02
   0.0000000e+00   2.5200000e+02   2.2564706e+02
   0.0000000e+00   2.5200000e+02   2.1905882e+02
   0.0000000e+00   2.5200000e+02   2.1247059e+02
   0.0000000e+00   2.5200000e+02   2.0588235e+02
   0.0000000e+00   2.5200000e+02   1.9929412e+02
   0.0000000e+00   2.5200000e+02   1.9270588e+02
   0.0000000e+00   2.5200000e+02   1.8611765e+02
   0.0000000e+00   2.5200000e+02   1.7952941e+02
   0.0000000e+00   2.5200000e+02   1.7294118e+02
   0.0000000e+00   2.5200000e+02   1.6635294e+02
   0.0000000e+00   2.5200000e+02   1.5976471e+02
   0.0000000e+00   2.5200000e+02   1.5317647e+02
   0.0000000e+00   2.5200000e+02   1.4658824e+02
   0.0000000e+00   2.5200000e+02   1.4000000e+02
   0.0000000e+00   2.5200000e+02   1.3341176e+02
   0.0000000e+00   2.5200000e+02   1.2682353e+02
   0.0000000e+00   2.5200000e+02   1.2023529e+02
   0.0000000e+00   2.5200000e+02   1.1364706e+02
   0.0000000e+00   2.5200000e+02   1.0705882e+02
   0.0000000e+00   2.5200000e+02   1.0047059e+02
   0.0000000e+00   2.5200000e+02   9.3882353e+01
   0.0000000e+00   2.5200000e+02   8.7294118e+01
   0.0000000e+00   2.5200000e+02   8.0705882e+01
   0.0000000e+00   2.5200000e+02   7.4117647e+01
   0.0000000e+00   2.5200000e+02   6.7529412e+01
   0.0000000e+00   2.5200000e+02   6.0941176e+01
   0.0000000e+00   2.5200000e+02   5.4352941e+01
   0.0000000e+00   2.5200000e+02   4.7764706e+01
   0.0000000e+00   2.5200000e+02   4.1176471e+01
   0.0000000e+00   2.5200000e+02   3.4588235e+01
   0.0000000e+00   2.5200000e+02   2.8000000e+01
   0.0000000e+00   2.5200000e+02   2.1411765e+01
   0.0000000e+00   2.5200000e+02   1.4823529e+01
   0.0000000e+00   2.5200000e+02   8.2352941e+00
   0.0000000e+00   2.5200000e+02   1.6470588e+00
   4.9411765e+00   2.5200000e+02   0.0000000e+00
   1.1529412e+01   2.5200000e+02   0.0000000e+00
   1.8117647e+01   2.5200000e+02   0.0000000e+00
   2.4705882e+01   2.5200000e+02   0.0000000e+00
   3.1294118e+01   2.5200000e+02   0.0000000e+00
   3.7882353e+01   2.5200000e+02   0.0000000e+00
   4.4470588e+01   2.5200000e+02   0.0000000e+00
   5.1058824e+01   2.5200000e+02   0.0000000e+00
   5.7647059e+01   2.5200000e+02   0.0000000e+00
   6.4235294e+01   2.5200000e+02   0.0000000e+00
   7.0823529e+01   2.5200000e+02   0.0000000e+00
   7.7411765e+01   2.5200000e+02   0.0000000e+00
   8.4000000e+01   2.5200000e+02   0.0000000e+00
   9.0588235e+01   2.5200000e+02   0.0000000e+00
   9.7176471e+01   2.5200000e+02   0.0000000e+00
   1.0376471e+02   2.5200000e+02   0.0000000e+00
   1.1035294e+02   2.5200000e+02   0.0000000e+00
   1.1694118e+02   2.5200000e+02   0.0000000e+00
   1.2352941e+02   2.5200000e+02   0.0000000e+00
   1.3011765e+02   2.5200000e+02   0.0000000e+00
   1.3670588e+02   2.5200000e+02   0.0000000e+00
   1.4329412e+02   2.5200000e+02   0.0000000e+00
   1.4988235e+02   2.5200000e+02   0.0000000e+00
   1.5647059e+02   2.5200000e+02   0.0000000e+00
   1.6305882e+02   2.5200000e+02   0.0000000e+00
   1.6964706e+02   2.5200000e+02   0.0000000e+00
   1.7623529e+02   2.5200000e+02   0.0000000e+00
   1.8282353e+02   2.5200000e+02   0.0000000e+00
   1.8941176e+02   2.5200000e+02   0.0000000e+00
   1.9600000e+02   2.5200000e+02   0.0000000e+00
   2.0258824e+02   2.5200000e+02   0.0000000e+00
   2.0917647e+02   2.5200000e+02   0.0000000e+00
   2.1576471e+02   2.5200000e+02   0.0000000e+00
   2.2235294e+02   2.5200000e+02   0.0000000e+00
   2.2894118e+02   2.5200000e+02   0.0000000e+00
   2.3552941e+02   2.5200000e+02   0.0000000e+00
   2.4211765e+02   2.5200000e+02   0.0000000e+00
   2.4870588e+02   2.5200000e+02   0.0000000e+00
   2.5200000e+02   2.4870588e+02   0.0000000e+00
   2.5200000e+02   2.4211765e+02   0.0000000e+00
   2.5200000e+02   2.3552941e+02   0.0000000e+00
   2.5200000e+02   2.2894118e+02   0.0000000e+00
   2.5200000e+02   2.2235294e+02   0.0000000e+00
   2.5200000e+02   2.1576471e+02   0.0000000e+00
   2.5200000e+02   2.0917647e+02   0.0000000e+00
   2.5200000e+02   2.0258824e+02   0.0000000e+00
   2.5200000e+02   1.9600000e+02   0.0000000e+00
   2.5200000e+02   1.8941176e+02   0.0000000e+00
   2.5200000e+02   1.8282353e+02   0.0000000e+00
   2.5200000e+02   1.7623529e+02   0.0000000e+00
   2.5200000e+02   1.6964706e+02   0.0000000e+00
   2.5200000e+02   1.6305882e+02   0.0000000e+00
   2.5200000e+02   1.5647059e+02   0.0000000e+00
   2.5200000e+02   1.4988235e+02   0.0000000e+00
   2.5200000e+02   1.4329412e+02   0.0000000e+00
   2.5200000e+02   1.3670588e+02   0.0000000e+00
   2.5200000e+02   1.3011765e+02   0.0000000e+00
   2.5200000e+02   1.2352941e+02   0.0000000e+00
   2.5200000e+02   1.1694118e+02   0.0000000e+00
   2.5200000e+02   1.1035294e+02   0.0000000e+00
   2.5200000e+02   1.0376471e+02   0.0000000e+00
   2.5200000e+02   9.7176471e+01   0.0000000e+00
   2.5200000e+02   9.0588235e+01   0.0000000e+00
   2.5200000e+02   8.4000000e+01   0.0000000e+00
   2.5200000e+02   7.7411765e+01   0.0000000e+00
   2.5200000e+02   7.0823529e+01   0.0000000e+00
   2.5200000e+02   6.4235294e+01   0.0000000e+00
   2.5200000e+02   5.7647059e+01   0.0000000e+00
   2.5200000e+02   5.1058824e+01   0.0000000e+00
   2.5200000e+02   4.4470588e+01   0.0000000e+00
   2.5200000e+02   3.7882353e+01   0.0000000e+00
   2.5200000e+02   3.1294118e+01   0.0000000e+00
   2.5200000e+02   2.4705882e+01   0.0000000e+00
   2.5200000e+02   1.8117647e+01   0.0000000e+00
   2.5200000e+02   1.1529412e+01   0.0000000e+00
   2.5200000e+02   4.9411765e+00   0.0000000e+00
   2.5200000e+02   1.6470588e+00   1.6470588e+00
   2.5200000e+02   8.2352941e+00   8.2352941e+00
   2.5200000e+02   1.4823529e+01   1.4823529e+01
   2.5200000e+02   2.1411765e+01   2.1411765e+01
   2.5200000e+02   2.8000000e+01   2.8000000e+01
   2.5200000e+02   3.4588235e+01   3.4588235e+01
   2.5200000e+02   4.1176471e+01   4.1176471e+01
   2.5200000e+02   4.7764706e+01   4.7764706e+01
   2.5200000e+02   5.4352941e+01   5.4352941e+01
   2.5200000e+02   6.0941176e+01   6.0941176e+01
   2.5200000e+02   6.7529412e+01   6.7529412e+01
   2.5200000e+02   7.4117647e+01   7.4117647e+01
   2.5200000e+02   8.0705882e+01   8.0705882e+01
   2.5200000e+02   8.7294118e+01   8.7294118e+01
   2.5200000e+02   9.3882353e+01   9.3882353e+01
   2.5200000e+02   1.0047059e+02   1.0047059e+02
   2.5200000e+02   1.0705882e+02   1.0705882e+02
   2.5200000e+02   1.1364706e+02   1.1364706e+02
   2.5200000e+02   1.2023529e+02   1.2023529e+02
   2.5200000e+02   1.2682353e+02   1.2682353e+02
   2.5200000e+02   1.3341176e+02   1.3341176e+02
   2.5200000e+02   1.4000000e+02   1.4000000e+02
   2.5200000e+02   1.4658824e+02   1.4658824e+02
   2.5200000e+02   1.5317647e+02   1.5317647e+02
   2.5200000e+02   1.5976471e+02   1.5976471e+02
   2.5200000e+02   1.6635294e+02   1.6635294e+02
   2.5200000e+02   1.7294118e+02   1.7294118e+02
   2.5200000e+02   1.7952941e+02   1.7952941e+02
   2.5200000e+02   1.8611765e+02   1.8611765e+02
   2.5200000e+02   1.9270588e+02   1.9270588e+02
   2.5200000e+02   1.9929412e+02   1.9929412e+02
   2.5200000e+02   2.0588235e+02   2.0588235e+02
   2.5200000e+02   2.1247059e+02   2.1247059e+02
   2.5200000e+02   2.1905882e+02   2.1905882e+02
   2.5200000e+02   2.2564706e+02   2.2564706e+02
   2.5200000e+02   2.3223529e+02   2.3223529e+02
   2.5200000e+02   2.3882353e+02   2.3882353e+02
   2.5200000e+02   2.4541176e+02   2.4541176e+02
   2.5200000e+02   2.5200000e+02   2.5200000e+02
